100 100
7
48
35

59 67

1 81 44
35 44 37
83 76 70
97 94 86 80

33 59 14
85 71
84 12
25 95 56

26 68 39
84 93
35 55
45 82 85 54 60
37
60 40
84

47 68 15
17 64
46
64
61 71
32
98 78
45 84 86 59 60 30
97 12
83
3 19 8
59
21 8
99 76 56
17 92 86
80 82 22 59 63

88 64
82 72
96 7 8
20 32
27
25
2 59
72

74
94

57 20 88
90 19
92 62 38 15
54

36 5 40 12 48 32
20 22 32
29 78
83 56
40
26 28 42
95
73
5 70
17 25 91

9 67 86
78 13 29
49 43 84 77
66
51
85
9 38
79 72
71 61 31
77 87
10 87 40
7
43 20 40
9 34 93 62
72 14 18 23 93 32
75 20 13
10 70 39 32
79 80
42 54

55
68
39 56
18 83 84 98
10 52
65 15
44
33 10
93 31
38
